# Format: X_1,Y_1,X_2,Y_2:U1,D1,L1,R1,U2,D2,L2,R2
# This file contains movement probabilities for both vehicles based on their positions
# X_1,Y_1: Car position, X_2,Y_2: Bus position
# U1,D1,L1,R1: Car Up,Down,Left,Right probabilities
# U2,D2,L2,R2: Bus Up,Down,Left,Right probabilities
0,0,0,0:0.00,0.50,0.00,0.50,0.00,0.50,0.00,0.50
0,0,0,1:0.30,0.40,0.30,0.00,0.00,0.20,0.80,0.00
0,0,0,2:0.29,0.36,0.00,0.36,0.00,0.17,0.17,0.67
0,0,1,0:0.30,0.00,0.30,0.40,0.80,0.00,0.00,0.20
0,0,1,1:0.00,0.50,0.00,0.50,0.50,0.00,0.50,0.00
0,0,1,2:0.00,0.50,0.00,0.50,0.44,0.00,0.11,0.44
0,0,2,0:0.00,0.36,0.29,0.36,0.17,0.67,0.00,0.17
0,0,2,1:0.00,0.50,0.00,0.50,0.11,0.44,0.44,0.00
0,0,2,2:0.00,0.50,0.00,0.50,0.00,0.50,0.00,0.50
0,1,0,0:0.33,0.40,0.00,0.27,0.13,0.25,0.00,0.62
0,1,0,1:0.33,0.67,0.00,0.00,0.33,0.67,0.00,0.00
0,1,0,2:0.33,0.40,0.27,0.00,0.13,0.25,0.62,0.00
0,1,1,0:0.33,0.67,0.00,0.00,0.45,0.09,0.00,0.45
0,1,1,1:0.43,0.00,0.29,0.29,0.83,0.17,0.00,0.00
0,1,1,2:0.33,0.67,0.00,0.00,0.45,0.09,0.45,0.00
0,1,2,0:0.33,0.67,0.00,0.00,0.17,0.42,0.00,0.42
0,1,2,1:0.00,0.45,0.27,0.27,0.29,0.71,0.00,0.00
0,1,2,2:0.33,0.67,0.00,0.00,0.17,0.42,0.42,0.00
0,2,0,0:0.29,0.36,0.36,0.00,0.00,0.17,0.67,0.17
0,2,0,1:0.30,0.40,0.00,0.30,0.00,0.20,0.00,0.80
0,2,0,2:0.00,0.50,0.50,0.00,0.00,0.50,0.50,0.00
0,2,1,0:0.00,0.50,0.50,0.00,0.44,0.00,0.44,0.11
0,2,1,1:0.00,0.50,0.50,0.00,0.50,0.00,0.00,0.50
0,2,1,2:0.30,0.00,0.40,0.30,0.80,0.00,0.20,0.00
0,2,2,0:0.00,0.50,0.50,0.00,0.00,0.50,0.50,0.00
0,2,2,1:0.00,0.50,0.50,0.00,0.11,0.44,0.00,0.44
0,2,2,2:0.00,0.36,0.36,0.29,0.17,0.67,0.17,0.00
1,0,0,0:0.00,0.27,0.33,0.40,0.00,0.62,0.13,0.25
1,0,0,1:0.00,0.00,0.33,0.67,0.00,0.45,0.45,0.09
1,0,0,2:0.00,0.00,0.33,0.67,0.00,0.42,0.17,0.42
1,0,1,0:0.00,0.00,0.33,0.67,0.00,0.00,0.33,0.67
1,0,1,1:0.29,0.29,0.43,0.00,0.00,0.00,0.83,0.17
1,0,1,2:0.27,0.27,0.00,0.45,0.00,0.00,0.29,0.71
1,0,2,0:0.27,0.00,0.33,0.40,0.62,0.00,0.13,0.25
1,0,2,1:0.00,0.00,0.47,0.53,0.35,0.30,0.35,0.00
1,0,2,2:0.00,0.00,0.33,0.67,0.42,0.00,0.17,0.42
1,1,0,0:0.25,0.25,0.25,0.25,0.00,0.50,0.00,0.50
1,1,0,1:0.00,0.33,0.33,0.33,0.00,1.00,0.00,0.00
1,1,0,2:0.25,0.25,0.25,0.25,0.00,0.50,0.50,0.00
1,1,1,0:0.33,0.33,0.00,0.33,0.00,0.00,0.00,1.00
1,1,1,1:0.25,0.25,0.25,0.25,0.25,0.25,0.25,0.25
1,1,1,2:0.33,0.33,0.33,0.00,0.00,0.00,1.00,0.00
1,1,2,0:0.25,0.25,0.25,0.25,0.50,0.00,0.00,0.50
1,1,2,1:0.33,0.00,0.33,0.33,1.00,0.00,0.00,0.00
1,1,2,2:0.25,0.25,0.25,0.25,0.50,0.00,0.50,0.00
1,2,0,0:0.00,0.00,0.67,0.33,0.00,0.42,0.42,0.17
1,2,0,1:0.00,0.00,0.53,0.47,0.30,0.35,0.00,0.35
1,2,0,2:0.00,0.27,0.40,0.33,0.00,0.62,0.25,0.13
1,2,1,0:0.27,0.27,0.45,0.00,0.00,0.00,0.71,0.29
1,2,1,1:0.29,0.29,0.00,0.43,0.00,0.00,0.17,0.83
1,2,1,2:0.00,0.00,0.67,0.33,0.00,0.00,0.67,0.33
1,2,2,0:0.00,0.00,0.65,0.35,0.41,0.00,0.41,0.18
1,2,2,1:0.00,0.00,0.67,0.33,0.45,0.00,0.09,0.45
1,2,2,2:0.27,0.00,0.40,0.33,0.62,0.00,0.25,0.13
2,0,0,0:0.36,0.00,0.29,0.36,0.67,0.17,0.00,0.17
2,0,0,1:0.50,0.00,0.00,0.50,0.44,0.11,0.44,0.00
2,0,0,2:0.50,0.00,0.00,0.50,0.50,0.00,0.00,0.50
2,0,1,0:0.00,0.30,0.30,0.40,0.00,0.80,0.00,0.20
2,0,1,1:0.50,0.00,0.00,0.50,0.00,0.50,0.50,0.00
2,0,1,2:0.50,0.00,0.00,0.50,0.00,0.44,0.11,0.44
2,0,2,0:0.50,0.00,0.00,0.50,0.50,0.00,0.00,0.50
2,0,2,1:0.40,0.30,0.30,0.00,0.20,0.00,0.80,0.00
2,0,2,2:0.36,0.29,0.00,0.36,0.17,0.00,0.17,0.67
2,1,0,0:0.67,0.33,0.00,0.00,0.42,0.17,0.00,0.42
2,1,0,1:0.45,0.00,0.27,0.27,0.71,0.29,0.00,0.00
2,1,0,2:0.67,0.33,0.00,0.00,0.42,0.17,0.42,0.00
2,1,1,0:0.67,0.33,0.00,0.00,0.09,0.45,0.00,0.45
2,1,1,1:0.00,0.43,0.29,0.29,0.17,0.83,0.00,0.00
2,1,1,2:0.67,0.33,0.00,0.00,0.09,0.45,0.45,0.00
2,1,2,0:0.40,0.33,0.00,0.27,0.25,0.13,0.00,0.62
2,1,2,1:0.67,0.33,0.00,0.00,0.67,0.33,0.00,0.00
2,1,2,2:0.40,0.33,0.27,0.00,0.25,0.13,0.62,0.00
2,2,0,0:0.50,0.00,0.50,0.00,0.50,0.00,0.50,0.00
2,2,0,1:0.50,0.00,0.50,0.00,0.44,0.11,0.00,0.44
2,2,0,2:0.36,0.00,0.36,0.29,0.67,0.17,0.17,0.00
2,2,1,0:0.50,0.00,0.50,0.00,0.00,0.44,0.44,0.11
2,2,1,1:0.50,0.00,0.50,0.00,0.00,0.50,0.00,0.50
2,2,1,2:0.00,0.30,0.40,0.30,0.00,0.80,0.20,0.00
2,2,2,0:0.36,0.29,0.36,0.00,0.17,0.00,0.67,0.17
2,2,2,1:0.40,0.30,0.00,0.30,0.20,0.00,0.00,0.80
2,2,2,2:0.50,0.00,0.50,0.00,0.50,0.00,0.50,0.00
