X_1,Y_1,X_2,Y_2:U_0,D_0,L_0,R_0,U_1,D_1,L_1,R_1
0,0,0,0:0.0,0.48128807658833767,0.0,0.5187119234116623,0.0,0.5213228894691035,0.0,0.47867711053089645
0,1,0,0:0.0,1.0,0.0,0.0,0.0,0.0,0.0,1.0
0,2,0,0:0.0,1.0,0.0,0.0,0.0,1.0,0.0,0.0
0,3,0,0:0.0,1.0,0.0,0.0,0.0,0.0,0.0,1.0
0,4,0,0:0.0,0.0,1.0,0.0,0.0,0.9956483899042646,0.0,0.004351610095735422
1,0,0,0:0.0,0.0,0.0,1.0,0.0,0.0,0.0,1.0
1,1,0,0:0.5274151436031331,0.0,0.4699738903394256,0.0026109660574412533,0.0,0.5082680591818973,0.0,0.4917319408181027
1,2,0,0:0.0,1.0,0.0,0.0,0.0,0.0,0.0,1.0
1,3,0,0:0.0,0.0,1.0,0.0,0.0,0.9730200174064404,0.0,0.026979982593559618
1,4,0,0:0.0,0.0,1.0,0.0,0.0,0.0,0.0,1.0
2,0,0,0:0.0,0.0,0.0,1.0,0.0,0.0,0.0,1.0
2,1,0,0:0.0,0.0,0.0,1.0,0.0,0.0,0.0,1.0
2,2,0,0:0.7789382071366405,0.0,0.22106179286335945,0.0,0.0,0.6553524804177546,0.0,0.34464751958224543
2,3,0,0:0.0,0.0,1.0,0.0,0.0,0.0,0.0,1.0
2,4,0,0:0.0,0.0,1.0,0.0,0.0,0.0,0.0,1.0
3,0,0,0:0.0,0.0,0.0,1.0,0.0,0.0,0.0,1.0
3,1,0,0:1.0,0.0,0.0,0.0,0.0,0.0,0.0,1.0
3,2,0,0:1.0,0.0,0.0,0.0,0.0,0.0,0.0,1.0
3,3,0,0:1.0,0.0,0.0,0.0,0.0,0.0,0.0,1.0
3,4,0,0:0.0,0.0,1.0,0.0,0.0,0.0,0.0,1.0
0,0,0,1:0.0,0.0,0.0,1.0,0.0,1.0,0.0,0.0
0,1,0,1:0.0,0.46736292428198434,0.16013925152306355,0.37249782419495214,0.0,0.206266318537859,0.4177545691906005,0.37597911227154046
0,2,0,1:0.0,1.0,0.0,0.0,0.0,1.0,0.0,0.0
0,3,0,1:0.0,1.0,0.0,0.0,0.0,1.0,0.0,0.0
0,4,0,1:0.0,0.0,1.0,0.0,0.0,1.0,0.0,0.0
1,0,0,1:0.0,0.0,0.0,1.0,0.0,0.0,0.0,1.0
1,1,0,1:0.0,0.0,0.0,1.0,0.0,1.0,0.0,0.0
1,2,0,1:0.2523933855526545,0.0,0.7476066144473456,0.0,0.0,0.0,0.731940818102698,0.268059181897302
1,3,0,1:0.0,0.0,1.0,0.0,0.0,1.0,0.0,0.0
1,4,0,1:0.0,0.0,1.0,0.0,0.0,1.0,0.0,0.0
2,0,0,1:0.0,0.0,0.0,1.0,0.0,1.0,0.0,0.0
2,1,0,1:1.0,0.0,0.0,0.0,0.0,0.0,0.0,1.0
2,2,0,1:1.0,0.0,0.0,0.0,0.0,1.0,0.0,0.0
2,3,0,1:0.0,0.0,1.0,0.0,0.0,0.15230635335073978,0.8476936466492603,0.0
2,4,0,1:0.0,0.0,1.0,0.0,0.0,1.0,0.0,0.0
3,0,0,1:0.0,0.0,0.0,1.0,0.0,1.0,0.0,0.0
3,1,0,1:1.0,0.0,0.0,0.0,0.0,1.0,0.0,0.0
3,2,0,1:1.0,0.0,0.0,0.0,0.0,0.15056570931244562,0.8494342906875544,0.0
3,3,0,1:1.0,0.0,0.0,0.0,0.0,1.0,0.0,0.0
3,4,0,1:0.0,0.0,1.0,0.0,0.0,1.0,0.0,0.0
0,0,0,2:0.0,0.0,0.0,1.0,0.0,1.0,0.0,0.0
0,1,0,2:0.0,1.0,0.0,0.0,0.0,1.0,0.0,0.0
0,2,0,2:0.0,0.46649260226283723,0.2732811140121845,0.26022628372497825,0.0,0.2175805047867711,0.4194952132288947,0.3629242819843342
0,3,0,2:0.0,1.0,0.0,0.0,0.0,1.0,0.0,0.0
0,4,0,2:0.0,0.0,1.0,0.0,0.0,1.0,0.0,0.0
1,0,0,2:0.0,0.0,0.0,1.0,0.0,1.0,0.0,0.0
1,1,0,2:0.0,0.0,0.0,1.0,0.0,0.0,0.0,1.0
1,2,0,2:0.0,1.0,0.0,0.0,0.0,1.0,0.0,0.0
1,3,0,2:0.0,0.0,1.0,0.0,0.0,0.0,1.0,0.0
1,4,0,2:0.0,0.0,1.0,0.0,0.0,1.0,0.0,0.0
2,0,0,2:0.0,0.0,0.0,1.0,0.0,1.0,0.0,0.0
2,1,0,2:0.0,0.0,0.0,1.0,0.0,1.0,0.0,0.0
2,2,0,2:1.0,0.0,0.0,0.0,0.0,0.0,0.6422976501305483,0.3577023498694517
2,3,0,2:0.0,0.0,1.0,0.0,0.0,1.0,0.0,0.0
2,4,0,2:0.0,0.0,1.0,0.0,0.0,1.0,0.0,0.0
3,0,0,2:0.0,0.0,0.0,1.0,0.0,1.0,0.0,0.0
3,1,0,2:1.0,0.0,0.0,0.0,0.0,1.0,0.0,0.0
3,2,0,2:1.0,0.0,0.0,0.0,0.0,1.0,0.0,0.0
3,3,0,2:1.0,0.0,0.0,0.0,0.0,1.0,0.0,0.0
3,4,0,2:0.0,0.0,1.0,0.0,0.0,1.0,0.0,0.0
0,0,0,3:0.0,0.0,0.0,1.0,0.0,1.0,0.0,0.0
0,1,0,3:0.0,1.0,0.0,0.0,0.0,1.0,0.0,0.0
0,2,0,3:0.0,1.0,0.0,0.0,0.0,1.0,0.0,0.0
0,3,0,3:0.0,0.46736292428198434,0.37249782419495214,0.16013925152306355,0.0,0.206266318537859,0.37597911227154046,0.4177545691906005
0,4,0,3:0.0,0.0,1.0,0.0,0.0,1.0,0.0,0.0
1,0,0,3:0.0,0.0,0.0,1.0,0.0,1.0,0.0,0.0
1,1,0,3:0.0,0.0,0.0,1.0,0.0,1.0,0.0,0.0
1,2,0,3:0.2523933855526545,0.0,0.0,0.7476066144473456,0.0,0.0,0.268059181897302,0.731940818102698
1,3,0,3:0.0,0.0,1.0,0.0,0.0,1.0,0.0,0.0
1,4,0,3:0.0,0.0,1.0,0.0,0.0,0.0,1.0,0.0
2,0,0,3:0.0,0.0,0.0,1.0,0.0,1.0,0.0,0.0
2,1,0,3:0.0,0.0,0.0,1.0,0.0,0.15230635335073978,0.0,0.8476936466492603
2,2,0,3:1.0,0.0,0.0,0.0,0.0,1.0,0.0,0.0
2,3,0,3:1.0,0.0,0.0,0.0,0.0,0.0,1.0,0.0
2,4,0,3:0.0,0.0,1.0,0.0,0.0,1.0,0.0,0.0
3,0,0,3:0.0,0.0,0.0,1.0,0.0,1.0,0.0,0.0
3,1,0,3:1.0,0.0,0.0,0.0,0.0,1.0,0.0,0.0
3,2,0,3:1.0,0.0,0.0,0.0,0.0,0.15056570931244562,0.0,0.8494342906875544
3,3,0,3:1.0,0.0,0.0,0.0,0.0,1.0,0.0,0.0
3,4,0,3:0.0,0.0,1.0,0.0,0.0,1.0,0.0,0.0
0,0,0,4:0.0,0.0,0.0,1.0,0.0,0.9956483899042646,0.004351610095735422,0.0
0,1,0,4:0.0,1.0,0.0,0.0,0.0,0.0,1.0,0.0
0,2,0,4:0.0,1.0,0.0,0.0,0.0,1.0,0.0,0.0
0,3,0,4:0.0,1.0,0.0,0.0,0.0,0.0,1.0,0.0
0,4,0,4:0.0,0.48128807658833767,0.5187119234116623,0.0,0.0,0.5213228894691035,0.47867711053089645,0.0
1,0,0,4:0.0,0.0,0.0,1.0,0.0,0.0,1.0,0.0
1,1,0,4:0.0,0.0,0.0,1.0,0.0,0.9730200174064404,0.026979982593559618,0.0
1,2,0,4:0.0,1.0,0.0,0.0,0.0,0.0,1.0,0.0
1,3,0,4:0.5274151436031331,0.0,0.0026109660574412533,0.4699738903394256,0.0,0.5082680591818973,0.4917319408181027,0.0
1,4,0,4:0.0,0.0,1.0,0.0,0.0,0.0,1.0,0.0
2,0,0,4:0.0,0.0,0.0,1.0,0.0,0.0,1.0,0.0
2,1,0,4:0.0,0.0,0.0,1.0,0.0,0.0,1.0,0.0
2,2,0,4:0.7789382071366405,0.0,0.0,0.22106179286335945,0.0,0.6553524804177546,0.34464751958224543,0.0
2,3,0,4:0.0,0.0,1.0,0.0,0.0,0.0,1.0,0.0
2,4,0,4:0.0,0.0,1.0,0.0,0.0,0.0,1.0,0.0
3,0,0,4:0.0,0.0,0.0,1.0,0.0,0.0,1.0,0.0
3,1,0,4:1.0,0.0,0.0,0.0,0.0,0.0,1.0,0.0
3,2,0,4:1.0,0.0,0.0,0.0,0.0,0.0,1.0,0.0
3,3,0,4:1.0,0.0,0.0,0.0,0.0,0.0,1.0,0.0
3,4,0,4:0.0,0.0,1.0,0.0,0.0,0.0,1.0,0.0
0,0,1,0:0.0,0.0,0.0,1.0,0.0,0.0,0.0,1.0
0,1,1,0:0.0,1.0,0.0,0.0,0.004351610095735422,0.9956483899042646,0.0,0.0
0,2,1,0:0.0,1.0,0.0,0.0,0.0,0.0,0.0,1.0
0,3,1,0:0.0,1.0,0.0,0.0,0.0,0.0,0.0,1.0
0,4,1,0:0.0,0.0,1.0,0.0,0.0,0.0,0.0,1.0
1,0,1,0:0.18450826805918188,0.3063533507397737,0.0,0.5091383812010444,0.4299390774586597,0.4142732811140122,0.0,0.15578764142732812
1,1,1,0:0.0,0.0,0.0,1.0,0.0,0.0,0.0,1.0
1,2,1,0:0.0,0.0,1.0,0.0,0.0278503046127067,0.9721496953872933,0.0,0.0
1,3,1,0:0.0,0.0,1.0,0.0,0.0,0.0,0.0,1.0
1,4,1,0:0.0,0.0,1.0,0.0,0.0,0.0,0.0,1.0
2,0,1,0:0.0,0.0,0.0,1.0,0.0,0.0,0.0,1.0
2,1,1,0:0.8433420365535248,0.0,0.1566579634464752,0.0,0.6109660574412533,0.38903394255874674,0.0,0.0
2,2,1,0:1.0,0.0,0.0,0.0,0.0,0.0,0.0,1.0
2,3,1,0:0.0,0.0,1.0,0.0,0.8476936466492603,0.0,0.0,0.15230635335073978
2,4,1,0:0.0,0.0,1.0,0.0,0.0,0.0,0.0,1.0
3,0,1,0:1.0,0.0,0.0,0.0,0.0,0.0,0.0,1.0
3,1,1,0:1.0,0.0,0.0,0.0,0.0,0.0,0.0,1.0
3,2,1,0:1.0,0.0,0.0,0.0,0.8494342906875544,0.0,0.0,0.15056570931244562
3,3,1,0:1.0,0.0,0.0,0.0,0.0,0.0,0.0,1.0
3,4,1,0:0.0,0.0,1.0,0.0,0.0,0.0,0.0,1.0
0,0,1,1:0.0,0.0,0.0,1.0,0.0,0.0,0.0,1.0
0,1,1,1:0.0,1.0,0.0,0.0,0.0,0.0,0.0,1.0
0,2,1,1:0.0,1.0,0.0,0.0,0.0,1.0,0.0,0.0
0,3,1,1:0.0,1.0,0.0,0.0,0.0,0.0,0.0,1.0
0,4,1,1:0.0,0.0,1.0,0.0,0.0,1.0,0.0,0.0
1,0,1,1:0.0,0.0,0.0,1.0,0.0,0.0,0.0,1.0
1,1,1,1:0.18189730200174065,0.299390774586597,0.15230635335073978,0.36640557006092256,0.3063533507397737,0.19843342036553524,0.3237597911227154,0.17145343777197564
1,2,1,1:0.0,1.0,0.0,0.0,0.0,0.0,0.0,1.0
1,3,1,1:0.0,0.0,1.0,0.0,0.0,1.0,0.0,0.0
1,4,1,1:0.0,0.0,1.0,0.0,0.0,0.0,0.0,1.0
2,0,1,1:0.0,0.0,0.0,1.0,0.0,0.0,0.0,1.0
2,1,1,1:0.0,0.0,0.0,1.0,0.0,0.0,0.0,1.0
2,2,1,1:0.720626631853786,0.0,0.2793733681462141,0.0,0.3968668407310705,0.02610966057441253,0.5700609225413403,0.006962576153176675
2,3,1,1:0.0,0.0,1.0,0.0,0.0,0.0,0.0,1.0
2,4,1,1:0.0,0.0,1.0,0.0,0.0,0.0,0.0,1.0
3,0,1,1:0.0,0.0,0.0,1.0,0.0,0.0,0.0,1.0
3,1,1,1:1.0,0.0,0.0,0.0,0.0,0.0,0.0,1.0
3,2,1,1:1.0,0.0,0.0,0.0,0.0,0.0,0.0,1.0
3,3,1,1:1.0,0.0,0.0,0.0,0.0,0.0,0.0,1.0
3,4,1,1:0.0,0.0,1.0,0.0,0.0,0.0,0.0,1.0
0,0,1,2:0.0,0.0,0.0,1.0,0.0,1.0,0.0,0.0
0,1,1,2:0.0,1.0,0.0,0.0,0.0,1.0,0.0,0.0
0,2,1,2:0.0,1.0,0.0,0.0,0.0,1.0,0.0,0.0
0,3,1,2:0.0,1.0,0.0,0.0,0.0,1.0,0.0,0.0
0,4,1,2:0.0,0.0,1.0,0.0,0.0,1.0,0.0,0.0
1,0,1,2:0.0,0.0,0.0,1.0,0.0,1.0,0.0,0.0
1,1,1,2:0.0,0.0,0.0,1.0,0.0,1.0,0.0,0.0
1,2,1,2:0.18189730200174065,0.31505657093124456,0.2506527415143603,0.2523933855526545,0.30983463881636203,0.20800696257615317,0.22019147084421237,0.2619669277632724
1,3,1,2:0.0,0.0,1.0,0.0,0.0,1.0,0.0,0.0
1,4,1,2:0.0,0.0,1.0,0.0,0.0,1.0,0.0,0.0
2,0,1,2:0.0,0.0,0.0,1.0,0.0,1.0,0.0,0.0
2,1,1,2:0.0,0.0,0.0,1.0,0.0,0.0,0.0,1.0
2,2,1,2:1.0,0.0,0.0,0.0,0.0,1.0,0.0,0.0
2,3,1,2:0.0,0.0,1.0,0.0,0.0,0.0,1.0,0.0
2,4,1,2:0.0,0.0,1.0,0.0,0.0,1.0,0.0,0.0
3,0,1,2:0.0,0.0,0.0,1.0,0.0,0.0,0.0,1.0
3,1,1,2:1.0,0.0,0.0,0.0,0.0,1.0,0.0,0.0
3,2,1,2:1.0,0.0,0.0,0.0,0.0,0.0,0.6405570060922542,0.35944299390774587
3,3,1,2:1.0,0.0,0.0,0.0,0.0,1.0,0.0,0.0
3,4,1,2:0.0,0.0,1.0,0.0,0.0,0.0,1.0,0.0
0,0,1,3:0.0,0.0,0.0,1.0,0.0,1.0,0.0,0.0
0,1,1,3:0.0,1.0,0.0,0.0,0.0,0.0,1.0,0.0
0,2,1,3:0.0,1.0,0.0,0.0,0.0,1.0,0.0,0.0
0,3,1,3:0.0,1.0,0.0,0.0,0.0,0.0,1.0,0.0
0,4,1,3:0.0,0.0,1.0,0.0,0.0,0.0,1.0,0.0
1,0,1,3:0.0,0.0,0.0,1.0,0.0,0.0,1.0,0.0
1,1,1,3:0.0,0.0,0.0,1.0,0.0,1.0,0.0,0.0
1,2,1,3:0.0,1.0,0.0,0.0,0.0,0.0,1.0,0.0
1,3,1,3:0.18189730200174065,0.299390774586597,0.36640557006092256,0.15230635335073978,0.3063533507397737,0.19843342036553524,0.17145343777197564,0.3237597911227154
1,4,1,3:0.0,0.0,1.0,0.0,0.0,0.0,1.0,0.0
2,0,1,3:0.0,0.0,0.0,1.0,0.0,0.0,1.0,0.0
2,1,1,3:0.0,0.0,0.0,1.0,0.0,0.0,1.0,0.0
2,2,1,3:0.720626631853786,0.0,0.0,0.2793733681462141,0.3968668407310705,0.02610966057441253,0.006962576153176675,0.5700609225413403
2,3,1,3:0.0,0.0,1.0,0.0,0.0,0.0,1.0,0.0
2,4,1,3:0.0,0.0,1.0,0.0,0.0,0.0,1.0,0.0
3,0,1,3:0.0,0.0,0.0,1.0,0.0,0.0,1.0,0.0
3,1,1,3:1.0,0.0,0.0,0.0,0.0,0.0,1.0,0.0
3,2,1,3:1.0,0.0,0.0,0.0,0.0,0.0,1.0,0.0
3,3,1,3:1.0,0.0,0.0,0.0,0.0,0.0,1.0,0.0
3,4,1,3:0.0,0.0,1.0,0.0,0.0,0.0,1.0,0.0
0,0,1,4:0.0,0.0,0.0,1.0,0.0,0.0,1.0,0.0
0,1,1,4:0.0,1.0,0.0,0.0,0.0,0.0,1.0,0.0
0,2,1,4:0.0,1.0,0.0,0.0,0.0,0.0,1.0,0.0
0,3,1,4:0.0,1.0,0.0,0.0,0.004351610095735422,0.9956483899042646,0.0,0.0
0,4,1,4:0.0,0.0,1.0,0.0,0.0,0.0,1.0,0.0
1,0,1,4:0.0,0.0,0.0,1.0,0.0,0.0,1.0,0.0
1,1,1,4:0.0,0.0,0.0,1.0,0.0,0.0,1.0,0.0
1,2,1,4:0.0,0.0,0.0,1.0,0.0278503046127067,0.9721496953872933,0.0,0.0
1,3,1,4:0.0,0.0,1.0,0.0,0.0,0.0,1.0,0.0
1,4,1,4:0.18450826805918188,0.3063533507397737,0.5091383812010444,0.0,0.4299390774586597,0.4142732811140122,0.15578764142732812,0.0
2,0,1,4:0.0,0.0,0.0,1.0,0.0,0.0,1.0,0.0
2,1,1,4:0.0,0.0,0.0,1.0,0.8476936466492603,0.0,0.15230635335073978,0.0
2,2,1,4:1.0,0.0,0.0,0.0,0.0,0.0,1.0,0.0
2,3,1,4:0.8433420365535248,0.0,0.0,0.1566579634464752,0.6109660574412533,0.38903394255874674,0.0,0.0
2,4,1,4:0.0,0.0,1.0,0.0,0.0,0.0,1.0,0.0
3,0,1,4:0.0,0.0,0.0,1.0,0.0,0.0,1.0,0.0
3,1,1,4:1.0,0.0,0.0,0.0,0.0,0.0,1.0,0.0
3,2,1,4:1.0,0.0,0.0,0.0,0.8494342906875544,0.0,0.15056570931244562,0.0
3,3,1,4:1.0,0.0,0.0,0.0,0.0,0.0,1.0,0.0
3,4,1,4:1.0,0.0,0.0,0.0,0.0,0.0,1.0,0.0
0,0,2,0:0.0,1.0,0.0,0.0,0.0,0.0,0.0,1.0
0,1,2,0:0.0,1.0,0.0,0.0,0.0,0.0,0.0,1.0
0,2,2,0:0.0,1.0,0.0,0.0,0.0,0.017406440382941687,0.0,0.9825935596170583
0,3,2,0:0.0,1.0,0.0,0.0,0.0,0.0,0.0,1.0
0,4,2,0:0.0,0.0,1.0,0.0,0.0,0.0,0.0,1.0
1,0,2,0:0.0,0.0,0.0,1.0,0.0,0.0,0.0,1.0
1,1,2,0:0.0,0.8476936466492603,0.15230635335073978,0.0,0.34029590948651,0.65970409051349,0.0,0.0
1,2,2,0:0.0,1.0,0.0,0.0,0.0,0.0,0.0,1.0
1,3,2,0:0.0,0.0,1.0,0.0,0.0,0.012184508268059183,0.0,0.9878154917319408
1,4,2,0:0.0,0.0,1.0,0.0,0.0,0.0,0.0,1.0
2,0,2,0:0.299390774586597,0.15839860748476936,0.0,0.5422106179286336,0.44299390774586594,0.4395126196692776,0.0,0.1174934725848564
2,1,2,0:0.0,0.0,0.0,1.0,0.0,0.0,0.0,1.0
2,2,2,0:0.0,0.0,1.0,0.0,0.9686684073107049,0.031331592689295036,0.0,0.0
2,3,2,0:0.0,0.0,1.0,0.0,0.0,0.0,0.0,1.0
2,4,2,0:0.0,0.0,1.0,0.0,0.0,0.0,0.0,1.0
3,0,2,0:0.0,0.0,0.0,1.0,0.0,0.0,0.0,1.0
3,1,2,0:1.0,0.0,0.0,0.0,0.9843342036553525,0.015665796344647518,0.0,0.0
3,2,2,0:1.0,0.0,0.0,0.0,0.0,0.0,0.0,1.0
3,3,2,0:1.0,0.0,0.0,0.0,0.0,0.0,0.0,1.0
3,4,2,0:0.0,0.0,1.0,0.0,0.0,0.0,0.0,1.0
0,0,2,1:0.0,0.0,0.0,1.0,0.0,0.0,0.0,1.0
0,1,2,1:0.0,1.0,0.0,0.0,0.0,0.0,0.0,1.0
0,2,2,1:0.0,1.0,0.0,0.0,0.0,0.0,0.0,1.0
0,3,2,1:0.0,1.0,0.0,0.0,0.0,0.0,0.0,1.0
0,4,2,1:0.0,0.0,1.0,0.0,0.0,0.0,0.0,1.0
1,0,2,1:0.0,0.0,0.0,1.0,0.0,0.0,0.0,1.0
1,1,2,1:0.0,0.0,0.0,1.0,0.0,0.0,0.0,1.0
1,2,2,1:0.0,0.7188859878154917,0.28111401218450827,0.0,0.008703220191470844,0.3516100957354221,0.6327241079199304,0.006962576153176675
1,3,2,1:0.0,0.0,1.0,0.0,0.0,0.0,0.0,1.0
1,4,2,1:0.0,0.0,1.0,0.0,0.0,0.0,0.0,1.0
2,0,2,1:0.0,0.0,0.0,1.0,0.0,0.0,0.0,1.0
2,1,2,1:0.34203655352480417,0.18624891209747607,0.13577023498694518,0.3359442993907746,0.2228024369016536,0.3028720626631854,0.32550043516100957,0.14882506527415143
2,2,2,1:1.0,0.0,0.0,0.0,0.0,0.0,0.0,1.0
2,3,2,1:0.0,0.0,1.0,0.0,1.0,0.0,0.0,0.0
2,4,2,1:0.0,0.0,1.0,0.0,0.0,0.0,0.0,1.0
3,0,2,1:0.0,0.0,0.0,1.0,0.0,0.0,0.0,1.0
3,1,2,1:1.0,0.0,0.0,0.0,0.0,0.0,0.0,1.0
3,2,2,1:1.0,0.0,0.0,0.0,1.0,0.0,0.0,0.0
3,3,2,1:1.0,0.0,0.0,0.0,0.0,0.0,0.0,1.0
3,4,2,1:0.0,0.0,1.0,0.0,1.0,0.0,0.0,0.0
0,0,2,2:0.0,0.0,0.0,1.0,0.0,0.0,0.0,1.0
0,1,2,2:0.0,1.0,0.0,0.0,1.0,0.0,0.0,0.0
0,2,2,2:0.0,1.0,0.0,0.0,0.0,0.0,0.61792863359443,0.38207136640557005
0,3,2,2:0.0,1.0,0.0,0.0,1.0,0.0,0.0,0.0
0,4,2,2:0.0,0.0,1.0,0.0,0.0,0.0,1.0,0.0
1,0,2,2:0.0,0.0,0.0,1.0,1.0,0.0,0.0,0.0
1,1,2,2:0.0,0.0,0.0,1.0,0.0,0.0,0.0,1.0
1,2,2,2:0.0,1.0,0.0,0.0,1.0,0.0,0.0,0.0
1,3,2,2:0.0,0.0,1.0,0.0,0.0,0.0,1.0,0.0
1,4,2,2:0.0,0.0,1.0,0.0,1.0,0.0,0.0,0.0
2,0,2,2:0.0,0.0,0.0,1.0,1.0,0.0,0.0,0.0
2,1,2,2:0.0,0.0,0.0,1.0,1.0,0.0,0.0,0.0
2,2,2,2:0.308964316797215,0.1496953872932985,0.2410791993037424,0.3002610966057441,0.2228024369016536,0.26370757180156656,0.2550043516100957,0.2584856396866841
2,3,2,2:0.0,0.0,1.0,0.0,1.0,0.0,0.0,0.0
2,4,2,2:0.0,0.0,1.0,0.0,1.0,0.0,0.0,0.0
3,0,2,2:0.0,0.0,0.0,1.0,1.0,0.0,0.0,0.0
3,1,2,2:1.0,0.0,0.0,0.0,1.0,0.0,0.0,0.0
3,2,2,2:1.0,0.0,0.0,0.0,1.0,0.0,0.0,0.0
3,3,2,2:1.0,0.0,0.0,0.0,1.0,0.0,0.0,0.0
3,4,2,2:0.0,0.0,1.0,0.0,1.0,0.0,0.0,0.0
0,0,2,3:0.0,0.0,0.0,1.0,0.0,0.0,1.0,0.0
0,1,2,3:0.0,1.0,0.0,0.0,0.0,0.0,1.0,0.0
0,2,2,3:0.0,1.0,0.0,0.0,0.0,0.0,1.0,0.0
0,3,2,3:0.0,1.0,0.0,0.0,0.0,0.0,1.0,0.0
0,4,2,3:0.0,0.0,1.0,0.0,0.0,0.0,1.0,0.0
1,0,2,3:0.0,0.0,0.0,1.0,0.0,0.0,1.0,0.0
1,1,2,3:0.0,0.0,0.0,1.0,0.0,0.0,1.0,0.0
1,2,2,3:0.0,0.7188859878154917,0.0,0.28111401218450827,0.008703220191470844,0.3516100957354221,0.006962576153176675,0.6327241079199304
1,3,2,3:0.0,0.0,1.0,0.0,0.0,0.0,1.0,0.0
1,4,2,3:0.0,0.0,1.0,0.0,0.0,0.0,1.0,0.0
2,0,2,3:0.0,0.0,0.0,1.0,0.0,0.0,1.0,0.0
2,1,2,3:0.0,0.0,0.0,1.0,1.0,0.0,0.0,0.0
2,2,2,3:1.0,0.0,0.0,0.0,0.0,0.0,1.0,0.0
2,3,2,3:0.34203655352480417,0.18624891209747607,0.3359442993907746,0.13577023498694518,0.2228024369016536,0.3028720626631854,0.14882506527415143,0.32550043516100957
2,4,2,3:0.0,0.0,1.0,0.0,0.0,0.0,1.0,0.0
3,0,2,3:0.0,0.0,0.0,1.0,1.0,0.0,0.0,0.0
3,1,2,3:1.0,0.0,0.0,0.0,0.0,0.0,1.0,0.0
3,2,2,3:1.0,0.0,0.0,0.0,1.0,0.0,0.0,0.0
3,3,2,3:1.0,0.0,0.0,0.0,0.0,0.0,1.0,0.0
3,4,2,3:0.0,0.0,1.0,0.0,0.0,0.0,1.0,0.0
0,0,2,4:0.0,0.0,0.0,1.0,0.0,0.0,1.0,0.0
0,1,2,4:0.0,1.0,0.0,0.0,0.0,0.0,1.0,0.0
0,2,2,4:0.0,1.0,0.0,0.0,0.0,0.017406440382941687,0.9825935596170583,0.0
0,3,2,4:0.0,1.0,0.0,0.0,0.0,0.0,1.0,0.0
0,4,2,4:0.0,1.0,0.0,0.0,0.0,0.0,1.0,0.0
1,0,2,4:0.0,0.0,0.0,1.0,0.0,0.0,1.0,0.0
1,1,2,4:0.0,0.0,0.0,1.0,0.0,0.012184508268059183,0.9878154917319408,0.0
1,2,2,4:0.0,1.0,0.0,0.0,0.0,0.0,1.0,0.0
1,3,2,4:0.0,0.8476936466492603,0.0,0.15230635335073978,0.34029590948651,0.65970409051349,0.0,0.0
1,4,2,4:0.0,0.0,1.0,0.0,0.0,0.0,1.0,0.0
2,0,2,4:0.0,0.0,0.0,1.0,0.0,0.0,1.0,0.0
2,1,2,4:0.0,0.0,0.0,1.0,0.0,0.0,1.0,0.0
2,2,2,4:0.0,0.0,0.0,1.0,0.9686684073107049,0.031331592689295036,0.0,0.0
2,3,2,4:0.0,0.0,1.0,0.0,0.0,0.0,1.0,0.0
2,4,2,4:0.299390774586597,0.15839860748476936,0.5422106179286336,0.0,0.44299390774586594,0.4395126196692776,0.1174934725848564,0.0
3,0,2,4:0.0,0.0,0.0,1.0,0.0,0.0,1.0,0.0
3,1,2,4:1.0,0.0,0.0,0.0,0.0,0.0,1.0,0.0
3,2,2,4:1.0,0.0,0.0,0.0,0.0,0.0,1.0,0.0
3,3,2,4:1.0,0.0,0.0,0.0,0.9843342036553525,0.015665796344647518,0.0,0.0
3,4,2,4:0.0,0.0,1.0,0.0,0.0,0.0,1.0,0.0
0,0,3,0:0.0,0.0,0.0,1.0,0.0,0.0,0.0,1.0
0,1,3,0:0.0,1.0,0.0,0.0,0.0,0.0,0.0,1.0
0,2,3,0:0.0,1.0,0.0,0.0,0.0,0.0,0.0,1.0
0,3,3,0:0.0,1.0,0.0,0.0,0.02610966057441253,0.0,0.0,0.9738903394255874
0,4,3,0:0.0,0.0,1.0,0.0,0.0,0.0,0.0,1.0
1,0,3,0:0.0,0.0,0.0,1.0,0.0,0.0,0.0,1.0
1,1,3,0:0.0,0.0,0.0,1.0,0.0,0.0,0.0,1.0
1,2,3,0:0.0,0.7484769364664926,0.2515230635335074,0.0,0.6710182767624021,0.0,0.0,0.3289817232375979
1,3,3,0:0.0,0.0,1.0,0.0,0.0,0.0,0.0,1.0
1,4,3,0:0.0,0.0,1.0,0.0,0.03742384682332463,0.0,0.0,0.9625761531766753
2,0,3,0:0.0,0.0,0.0,1.0,0.0,0.0,0.0,1.0
2,1,3,0:0.0,0.5483028720626631,0.4482158398607485,0.0034812880765883376,0.5274151436031331,0.0,0.0,0.4725848563968668
2,2,3,0:1.0,0.0,0.0,0.0,0.0,0.0,0.0,1.0
2,3,3,0:0.0,0.0,1.0,0.0,1.0,0.0,0.0,0.0
2,4,3,0:0.0,0.0,1.0,0.0,0.0,0.0,0.0,1.0
3,0,3,0:0.44038294168842473,0.0,0.0,0.5596170583115753,0.5248041775456919,0.0,0.0,0.4751958224543081
3,1,3,0:1.0,0.0,0.0,0.0,0.0,0.0,0.0,1.0
3,2,3,0:1.0,0.0,0.0,0.0,1.0,0.0,0.0,0.0
3,3,3,0:1.0,0.0,0.0,0.0,0.0,0.0,0.0,1.0
3,4,3,0:0.0,0.0,1.0,0.0,1.0,0.0,0.0,0.0
0,0,3,1:0.0,0.0,0.0,1.0,1.0,0.0,0.0,0.0
0,1,3,1:0.0,1.0,0.0,0.0,1.0,0.0,0.0,0.0
0,2,3,1:0.0,1.0,0.0,0.0,0.9825935596170583,0.0,0.017406440382941687,0.0
0,3,3,1:0.0,1.0,0.0,0.0,1.0,0.0,0.0,0.0
0,4,3,1:0.0,0.0,1.0,0.0,1.0,0.0,0.0,0.0
1,0,3,1:0.0,0.0,0.0,1.0,1.0,0.0,0.0,0.0
1,1,3,1:0.0,1.0,0.0,0.0,0.0,0.0,0.0,1.0
1,2,3,1:0.0,1.0,0.0,0.0,1.0,0.0,0.0,0.0
1,3,3,1:0.0,0.0,1.0,0.0,0.9878154917319408,0.0,0.012184508268059183,0.0
1,4,3,1:0.0,0.0,1.0,0.0,1.0,0.0,0.0,0.0
2,0,3,1:0.0,0.0,0.0,1.0,0.0,0.0,0.0,1.0
2,1,3,1:0.0,0.0,0.0,1.0,1.0,0.0,0.0,0.0
2,2,3,1:0.0,0.2741514360313316,0.7258485639686684,0.0,0.0,0.0,0.7040905134899913,0.2959094865100087
2,3,3,1:0.0,0.0,1.0,0.0,1.0,0.0,0.0,0.0
2,4,3,1:0.0,0.0,1.0,0.0,1.0,0.0,0.0,0.0
3,0,3,1:0.0,0.0,0.0,1.0,1.0,0.0,0.0,0.0
3,1,3,1:0.4482158398607485,0.0,0.16100957354221063,0.3907745865970409,0.19843342036553524,0.0,0.3968668407310705,0.4046997389033943
3,2,3,1:1.0,0.0,0.0,0.0,1.0,0.0,0.0,0.0
3,3,3,1:1.0,0.0,0.0,0.0,1.0,0.0,0.0,0.0
3,4,3,1:0.0,0.0,1.0,0.0,1.0,0.0,0.0,0.0
0,0,3,2:0.0,0.0,0.0,1.0,1.0,0.0,0.0,0.0
0,1,3,2:0.0,1.0,0.0,0.0,1.0,0.0,0.0,0.0
0,2,3,2:0.0,1.0,0.0,0.0,1.0,0.0,0.0,0.0
0,3,3,2:0.0,1.0,0.0,0.0,1.0,0.0,0.0,0.0
0,4,3,2:0.0,0.0,1.0,0.0,1.0,0.0,0.0,0.0
1,0,3,2:0.0,0.0,0.0,1.0,1.0,0.0,0.0,0.0
1,1,3,2:0.0,0.0,0.0,1.0,1.0,0.0,0.0,0.0
1,2,3,2:0.0,1.0,0.0,0.0,0.0,0.0,0.6353350739773717,0.3646649260226284
1,3,3,2:0.0,0.0,1.0,0.0,1.0,0.0,0.0,0.0
1,4,3,2:0.0,0.0,1.0,0.0,1.0,0.0,0.0,0.0
2,0,3,2:0.0,0.0,0.0,1.0,1.0,0.0,0.0,0.0
2,1,3,2:0.0,0.0,0.0,1.0,0.0,0.0,0.0,1.0
2,2,3,2:1.0,0.0,0.0,0.0,1.0,0.0,0.0,0.0
2,3,3,2:0.0,0.0,1.0,0.0,0.0,0.0,1.0,0.0
2,4,3,2:0.0,0.0,1.0,0.0,1.0,0.0,0.0,0.0
3,0,3,2:0.0,0.0,0.0,1.0,1.0,0.0,0.0,0.0
3,1,3,2:1.0,0.0,0.0,0.0,1.0,0.0,0.0,0.0
3,2,3,2:0.4577893820713664,0.0,0.2654482158398607,0.27676240208877284,0.16536118363794605,0.0,0.4308093994778068,0.40382941688424717
3,3,3,2:1.0,0.0,0.0,0.0,1.0,0.0,0.0,0.0
3,4,3,2:0.0,0.0,1.0,0.0,1.0,0.0,0.0,0.0
0,0,3,3:0.0,0.0,0.0,1.0,1.0,0.0,0.0,0.0
0,1,3,3:0.0,1.0,0.0,0.0,1.0,0.0,0.0,0.0
0,2,3,3:0.0,1.0,0.0,0.0,0.9825935596170583,0.0,0.0,0.017406440382941687
0,3,3,3:0.0,1.0,0.0,0.0,1.0,0.0,0.0,0.0
0,4,3,3:0.0,0.0,1.0,0.0,1.0,0.0,0.0,0.0
1,0,3,3:0.0,0.0,0.0,1.0,1.0,0.0,0.0,0.0
1,1,3,3:0.0,0.0,0.0,1.0,0.9878154917319408,0.0,0.0,0.012184508268059183
1,2,3,3:0.0,1.0,0.0,0.0,1.0,0.0,0.0,0.0
1,3,3,3:0.0,1.0,0.0,0.0,0.0,0.0,1.0,0.0
1,4,3,3:0.0,0.0,1.0,0.0,1.0,0.0,0.0,0.0
2,0,3,3:0.0,0.0,0.0,1.0,1.0,0.0,0.0,0.0
2,1,3,3:0.0,0.0,0.0,1.0,1.0,0.0,0.0,0.0
2,2,3,3:0.0,0.2741514360313316,0.0,0.7258485639686684,0.0,0.0,0.2959094865100087,0.7040905134899913
2,3,3,3:0.0,0.0,1.0,0.0,1.0,0.0,0.0,0.0
2,4,3,3:0.0,0.0,1.0,0.0,0.0,0.0,1.0,0.0
3,0,3,3:0.0,0.0,0.0,1.0,1.0,0.0,0.0,0.0
3,1,3,3:1.0,0.0,0.0,0.0,1.0,0.0,0.0,0.0
3,2,3,3:1.0,0.0,0.0,0.0,1.0,0.0,0.0,0.0
3,3,3,3:0.4482158398607485,0.0,0.3907745865970409,0.16100957354221063,0.19843342036553524,0.0,0.4046997389033943,0.3968668407310705
3,4,3,3:0.0,0.0,1.0,0.0,1.0,0.0,0.0,0.0
0,0,3,4:0.0,0.0,0.0,1.0,0.0,0.0,1.0,0.0
0,1,3,4:0.0,1.0,0.0,0.0,0.02610966057441253,0.0,0.9738903394255874,0.0
0,2,3,4:0.0,1.0,0.0,0.0,0.0,0.0,1.0,0.0
0,3,3,4:0.0,1.0,0.0,0.0,0.0,0.0,1.0,0.0
0,4,3,4:0.0,0.0,1.0,0.0,0.0,0.0,1.0,0.0
1,0,3,4:0.0,0.0,0.0,1.0,0.03742384682332463,0.0,0.9625761531766753,0.0
1,1,3,4:0.0,0.0,0.0,1.0,0.0,0.0,1.0,0.0
1,2,3,4:0.0,0.7484769364664926,0.0,0.2515230635335074,0.6710182767624021,0.0,0.3289817232375979,0.0
1,3,3,4:0.0,0.0,1.0,0.0,0.0,0.0,1.0,0.0
1,4,3,4:0.0,0.0,1.0,0.0,0.0,0.0,1.0,0.0
2,0,3,4:0.0,0.0,0.0,1.0,0.0,0.0,1.0,0.0
2,1,3,4:0.0,0.0,0.0,1.0,1.0,0.0,0.0,0.0
2,2,3,4:1.0,0.0,0.0,0.0,0.0,0.0,1.0,0.0
2,3,3,4:0.0,0.5483028720626631,0.0034812880765883376,0.4482158398607485,0.5274151436031331,0.0,0.4725848563968668,0.0
2,4,3,4:0.0,0.0,1.0,0.0,0.0,0.0,1.0,0.0
3,0,3,4:0.0,0.0,0.0,1.0,1.0,0.0,0.0,0.0
3,1,3,4:1.0,0.0,0.0,0.0,0.0,0.0,1.0,0.0
3,2,3,4:1.0,0.0,0.0,0.0,1.0,0.0,0.0,0.0
3,3,3,4:1.0,0.0,0.0,0.0,0.0,0.0,1.0,0.0
3,4,3,4:0.44038294168842473,0.0,0.5596170583115753,0.0,0.5248041775456919,0.0,0.4751958224543081,0.0
